0.025000 
0.587060 
1.102940 
1.530760 
1.836560 
1.996580 
1.998580 
1.842410 
1.540010 
1.114870 
0.600710 
0.039250 
-0.523350 
-1.040800 
-1.471110 
-1.780110 
-1.943860 
-1.949860 
-1.797660 
-1.498850 
-1.076580 
-0.564280 
-0.003490 
0.559690 
1.078910 
1.512020 
1.824580 
1.992280 
2.002290 
1.853840 
1.558280 
1.138550 
0.627910 
0.067740 
-0.495920 
-1.016680 
-1.452230 
-1.767960 
-1.939360 
-1.953360 
-1.808890 
-1.516960 
-1.100140 
-0.591420 
-0.031980 
0.532190 
1.054670 
1.492980 
1.812230 
1.987580 
2.005590 
1.864900 
1.576250 
1.162010 
0.654990 
0.096220 
-0.468380 
-0.992340 
-1.433040 
-1.755440 
-1.934470 
-1.956460 
-1.819760 
-1.534760 
-1.123480 
-0.618430 
-0.060460 
0.504600 
1.030220 
1.473640 
1.799530 
1.982490 
2.008500 
1.875580 
1.593890 
1.185240 
0.681940 
0.124690 
-0.440740 
-0.967790 
-1.413570 
-1.742560 
-1.929180 
-1.959170 
-1.830250 
-1.552230 
-1.146580 
-0.645310 
-0.088920 
0.476900 
1.005560 
1.454000 
1.786460 
1.977000 
2.011000 
1.885900 
1.611220 
1.208230 
0.708750 
0.153140 
-0.413000 
-0.943030 
-1.393790 
-1.729320 
-1.923500 
-1.961470 
-1.840370 
-1.569390 
-1.169440 
-0.672040 
-0.117350 
0.449120 
0.980700 
1.434070 
1.773040 
1.971110 
2.013110 
1.895830 
1.628220 
1.230970 
0.735420 
0.181560 
-0.385170 
-0.918080 
-1.373730 
-1.715730 
-1.917420 
-1.963380 
-1.850110 
-1.586220 
-1.192050 
-0.698640 
-0.145760 
0.421240 
0.955640 
1.413860 
1.759260 
1.964840 
2.014820 
1.905390 
1.644900 
1.253470 
0.761940 
0.209950 
-0.357250 
-0.892930 
-1.353380 
-1.701790 
-1.910960 
-1.964880 
-1.859470 
-1.602720 
-1.214410 
-0.725080 
-0.174130 
0.393280 
0.930390 
1.393360 
1.745130 
1.958170 
2.016120 
1.914560 
1.661250 
1.275710 
0.788310 
0.238300 
-0.329260 
-0.867590 
-1.332750 
-1.687490 
-1.904100 
-1.965980 
-1.868450 
-1.618900 
-1.236520 
-0.751370 
-0.202450 
0.365250 
0.904950 
1.372580 
1.730650 
1.951110 
2.017020 
1.923360 
1.677260 
1.297700 
0.814530 
0.266610 
-0.301190 
-0.842070 
-1.311840 
-1.672850 
-1.896850 
-1.966690 
-1.877050 
-1.634730 
-1.258370 
-0.777490 
-0.230730 
0.337140 
0.879340 
1.351520 
1.715820 
1.943670 
2.017530 
1.931770 
1.692940 
1.319430 
0.840580 
0.294860 
-0.273050 
-0.816370 
-1.290650 
-1.657860 
-1.889220 
-1.966990 
-1.885260 
-1.650230 
-1.279960 
-0.803450 
-0.258960 
0.308970 
0.853540 
1.330190 
1.700650 
1.935830 
2.017630 
1.939800 
1.708280 
1.340890 
0.866460 
0.323060 
-0.244850 
-0.790490 
-1.269200 
-1.642530 
-1.881200 
-1.966890 
-1.893090 
-1.665390 
-1.301280 
-0.829240 
-0.287130 
0.280740 
0.827570 
1.308600 
1.685140 
1.927620 
2.017330 
1.947440 
1.723280 
1.362080 
0.892170 
0.351200 
-0.216600 
-0.764450 
-1.247480 
-1.626860 
-1.872790 
-1.966380 
-1.900530 
-1.680210 
-1.322330 
-0.854850 
-0.315230 
0.252460 
0.801440 
1.286740 
1.669300 
1.919010 
2.016620 
1.954690 
1.737930 
1.383000 
0.917700 
0.379270 
-0.188290 
-0.738240 
-1.225500 
-1.610850 
-1.864000 
-1.965480 
-1.907580 
-1.694680 
-1.343100 
-0.880290 
-0.343270 
0.224130 
0.775150 
1.264620 
1.653110 
1.910020 
2.015520 
1.961550 
1.752240 
1.403640 
0.943040 
0.407270 
-0.159950 
-0.711880 
-1.203260 
-1.594510 
-1.854840 
-1.964180 
-1.914240 
-1.708800 
-1.363590 
-0.905530 
-0.371220 
0.195760 
0.748700 
1.242250 
1.636600 
1.900660 
2.014010 
1.968020 
1.766190 
1.424000 
0.968200 
0.435190 
-0.131560 
-0.685360 
-1.180770 
-1.577850 
-1.845280 
-1.962470 
-1.920510 
-1.722570 
-1.383800 
-0.930580 
-0.399090 
0.167350 
0.722100 
1.219630 
1.619760 
1.890910 
2.012110 
1.974100 
1.779790 
1.444080 
0.993160 
0.463020 
-0.103140 
-0.658690 
-1.158040 
-1.560850 
-1.835350 
-1.960370 
-1.926390 
-1.735990 
-1.403710 
-0.955440 
-0.426880 
0.138920 
0.695360 
1.196760 
1.602600 
1.880790 
2.009800 
1.979790 
1.793040 
1.463860 
1.017920 
0.490760 
-0.074690 
-0.631890 
-1.135060 
-1.543540 
-1.825050 
-1.957860 
-1.931870 
-1.749050 
-1.423340 
-0.980090 
-0.454570 
0.110460 
0.668480 
1.173660 
1.585110 
1.870290 
2.007090 
1.985080 
1.805920 
1.483350 
1.042470 
0.518410 
-0.046220 
-0.604940 
-1.111840 
-1.525900 
-1.814370 
-1.954960 
-1.936960 
-1.761740 
-1.442670 
-1.004530 
-0.482160 
0.081980 
0.641470 
1.150310 
1.567310 
1.859410 
2.003990 
1.989980 
1.818450 
1.502540 
1.066820 
0.545950 
-0.017740 
-0.577870 
-1.088390 
-1.507950 
-1.803320 
-1.951660 
-1.941660 
-1.774080 
-1.461700 
-1.028770 
-0.509650 
0.053490 
0.614330 
1.126740 
1.549190 
1.848170 
2.000480 
1.994480 
1.830610 
1.521430 
1.090950 
0.573390 
0.010750 
-0.550670 
-1.064710 
-1.489680 
-1.791900 
-1.947960 
-1.945960 
-1.786050 
-1.480430 
-1.052780 
-0.537030 
0.025000 
0.587060 
1.102940 
1.530760 
1.836560 
1.996580 
1.998580 
1.842410 
1.540010 
1.114860 
0.600710 
0.039250 
-0.523350 
-1.040800 
-1.471110 
-1.780110 
-1.943860 
-1.949860 
-1.797660 
-1.498850 
-1.076580 
-0.564280 
-0.003490 
0.559680 
1.078910 
1.512020 
1.824580 
1.992280 
2.002290 
1.853840 
1.558290 
1.138550 
0.627910 
0.067740 
-0.495920 
-1.016680 
-1.452230 
-1.767960 
-1.939360 
-1.953360 
-1.808890 
-1.516960 
-1.100140 
-0.591420 
-0.031980 
0.532200 
1.054670 
1.492980 
1.812230 
1.987580 
2.005590 
1.864900 
1.576250 
1.162010 
0.654990 
0.096220 
-0.468380 
-0.992340 
-1.433050 
-1.755440 
-1.934470 
-1.956460 
-1.819760 
-1.534760 
-1.123480 
-0.618430 
-0.060460 
0.504600 
1.030220 
1.473640 
1.799520 
1.982480 
2.008500 
1.875580 
1.593890 
1.185240 
0.681940 
0.124690 
-0.440740 
-0.967790 
-1.413570 
-1.742560 
-1.929180 
-1.959170 
-1.830250 
-1.552230 
-1.146580 
-0.645310 
-0.088920 
0.476900 
1.005560 
1.454000 
1.786460 
1.977000 
2.011000 
1.885900 
1.611220 
1.208230 
0.708750 
0.153140 
-0.413000 
-0.943030 
-1.393790 
-1.729320 
-1.923500 
-1.961470 
-1.840370 
-1.569390 
-1.169440 
-0.672040 
-0.117350 
0.449120 
0.980700 
1.434070 
1.773040 
1.971110 
2.013110 
1.895830 
1.628220 
1.230970 
0.735420 
0.181560 
-0.385170 
-0.918080 
-1.373730 
-1.715730 
-1.917420 
-1.963380 
-1.850110 
-1.586220 
-1.192050 
-0.698640 
-0.145760 
0.421240 
0.955640 
1.413860 
1.759260 
1.964840 
2.014820 
1.905390 
1.644900 
1.253470 
0.761940 
0.209950 
-0.357250 
-0.892930 
-1.353380 
-1.701790 
-1.910960 
-1.964880 
-1.859470 
-1.602720 
-1.214410 
-0.725080 
-0.174130 
0.393280 
0.930390 
1.393360 
1.745130 
1.958170 
2.016120 
1.914570 
1.661250 
1.275710 
0.788310 
0.238300 
-0.329260 
-0.867590 
-1.332750 
-1.687490 
-1.904100 
-1.965980 
-1.868450 
-1.618900 
-1.236520 
-0.751370 
-0.202450 
0.365250 
0.904950 
1.372580 
1.730650 
1.951110 
2.017030 
1.923360 
1.677260 
1.297700 
0.814530 
0.266610 
-0.301190 
-0.842070 
-1.311840 
-1.672850 
-1.896850 
-1.966690 
-1.877050 
-1.634730 
-1.258370 
-0.777490 
-0.230730 
0.337140 
0.879340 
1.351520 
1.715820 
1.943670 
2.017530 
1.931770 
1.692940 
1.319430 
0.840580 
0.294860 
-0.273050 
-0.816370 
-1.290650 
-1.657860 
-1.889220 
-1.966990 
-1.885260 
-1.650230 
-1.279960 
-0.803450 
-0.258960 
0.308970 
0.853540 
1.330190 
1.700650 
1.935830 
2.017630 
1.939800 
1.708280 
1.340890 
0.866460 
0.323060 
-0.244850 
-0.790490 
-1.269200 
-1.642530 
-1.881200 
-1.966890 
-1.893090 
-1.665390 
-1.301280 
-0.829240 
-0.287130 
0.280740 
0.827570 
1.308600 
1.685140 
1.927620 
2.017330 
1.947440 
1.723280 
1.362080 
0.892170 
0.351200 
-0.216600 
-0.764450 
-1.247480 
-1.626860 
-1.872790 
-1.966390 
-1.900530 
-1.680210 
-1.322330 
-0.854860 
-0.315230 
0.252460 
0.801440 
1.286740 
1.669300 
1.919010 
2.016620 
1.954690 
1.737930 
1.383000 
0.917700 
0.379270 
-0.188300 
-0.738240 
-1.225500 
-1.610850 
-1.864010 
-1.965480 
-1.907580 
-1.694680 
-1.343100 
-0.880290 
-0.343260 
0.224130 
0.775150 
1.264620 
1.653120 
1.910020 
2.015520 
1.961550 
1.752240 
1.403640 
0.943040 
0.407270 
-0.159950 
-0.711880 
-1.203260 
-1.594510 
-1.854830 
-1.964180 
-1.914240 
-1.708800 
-1.363590 
-0.905530 
-0.371220 
0.195760 
0.748700 
1.242250 
1.636600 
1.900660 
2.014010 
1.968020 
1.766190 
1.424000 
0.968190 
0.435190 
-0.131560 
-0.685360 
-1.180780 
-1.577850 
-1.845280 
-1.962480 
-1.920510 
-1.722570 
-1.383800 
-0.930580 
-0.399090 
0.167350 
0.722100 
1.219630 
1.619760 
1.890910 
2.012110 
1.974100 
1.779790 
1.444080 
0.993160 
0.463020 
-0.103140 
-0.658690 
-1.158040 
-1.560850 
-1.835360 
-1.960370 
-1.926390 
-1.735990 
-1.403720 
-0.955440 
-0.426880 
0.138920 
0.695360 
1.196760 
1.602600 
1.880790 
2.009800 
1.979790 
1.793040 
1.463860 
1.017920 
0.490760 
-0.074690 
-0.631890 
-1.135060 
-1.543540 
-1.825050 
-1.957860 
-1.931870 
-1.749040 
-1.423340 
-0.980090 
-0.454570 
0.110460 
0.668480 
1.173660 
1.585110 
1.870290 
2.007090 
1.985080 
1.805920 
1.483350 
1.042470 
0.518410 
-0.046220 
-0.604940 
-1.111840 
-1.525900 
-1.814370 
-1.954960 
-1.936960 
-1.761740 
-1.442670 
-1.004530 
-0.482160 
0.081980 
0.641470 
1.150310 
1.567300 
1.859410 
2.003990 
1.989980 
1.818450 
1.502540 
1.066820 
0.545950 
-0.017740 
-0.577870 
-1.088390 
-1.507950 
-1.803320 
-1.951660 
-1.941660 
-1.774080 
-1.461700 
-1.028770 
-0.509650 
0.053490 
0.614330 
1.126740 
1.549190 
1.848170 
2.000480 
1.994480 
1.830610 
1.521430 
1.090950 
0.573390 
0.010750 
-0.550670 
-1.064710 
-1.489680 
-1.791900 
-1.947960 
-1.945960 
-1.786050 
-1.480430 
-1.052780 
-0.537030 
0.025000 
0.587060 
1.102940 
1.530760 
1.836560 
1.996580 
1.998580 
1.842410 
1.540010 
1.114870 
0.600710 
0.039250 
-0.523350 
-1.040800 
-1.471110 
-1.780110 
-1.943860 
-1.949860 
-1.797660 
-1.498850 
-1.076580 
-0.564290 
-0.003490 
0.559680 
1.078910 
1.512020 
1.824580 
1.992280 
2.002290 
1.853840 
1.558280 
1.138550 
0.627910 
0.067740 
-0.495920 
-1.016680 
-1.452230 
-1.767960 
-1.939360 
-1.953360 
-1.808890 
-1.516960 
-1.100140 
-0.591420 
-0.031980 
0.532200 
1.054670 
1.492980 
1.812230 
1.987580 
2.005590 
1.864900 
1.576250 
1.162010 
0.654990 
0.096220 
-0.468380 
-0.992340 
-1.433040 
-1.755440 
-1.934470 
-1.956460 
-1.819760 
-1.534760 
-1.123480 
-0.618430 
-0.060460 
0.504600 
1.030220 
1.473640 
1.799530 
1.982490 
2.008500 
1.875580 
1.593890 
1.185240 
0.681940 
0.124690 
-0.440740 
-0.967790 
-1.413570 
-1.742560 
-1.929180 
-1.959170 
-1.830250 
-1.552230 
-1.146580 
-0.645310 
-0.088920 
0.476900 
1.005560 
1.454000 
1.786460 
1.977000 
2.011000 
1.885900 
1.611220 
1.208230 
0.708750 
0.153140 
-0.413000 
-0.943030 
-1.393790 
-1.729320 
-1.923500 
-1.961470 
-1.840370 
-1.569390 
-1.169440 
-0.672040 
-0.117350 
0.449120 
0.980700 
1.434070 
1.773030 
1.971110 
2.013110 
1.895830 
1.628220 
1.230970 
0.735420 
0.181560 
-0.385170 
-0.918080 
-1.373730 
-1.715730 
-1.917420 
-1.963380 
-1.850110 
-1.586220 
-1.192050 
-0.698640 
-0.145760 
0.421240 
0.955640 
1.413860 
1.759260 
1.964840 
2.014820 
1.905390 
1.644900 
1.253470 
0.761940 
0.209950 
-0.357250 
-0.892930 
-1.353380 
-1.701790 
-1.910960 
-1.964880 
-1.859470 
-1.602720 
-1.214410 
-0.725080 
-0.174130 
0.393280 
0.930390 
1.393360 
1.745130 
1.958170 
2.016120 
1.914570 
1.661250 
1.275710 
0.788320 
0.238300 
-0.329260 
-0.867590 
-1.332750 
-1.687490 
-1.904100 
-1.965980 
-1.868450 
-1.618900 
-1.236520 
-0.751370 
-0.202450 
0.365250 
0.904950 
1.372580 
1.730650 
1.951110 
2.017030 
1.923360 
1.677260 
1.297700 
0.814530 
0.266610 
-0.301190 
-0.842070 
-1.311840 
-1.672850 
-1.896850 
-1.966690 
-1.877050 
-1.634730 
-1.258370 
-0.777490 
-0.230730 
0.337140 
0.879340 
1.351520 
1.715820 
1.943670 
2.017530 
1.931770 
1.692940 
1.319430 
0.840580 
0.294860 
-0.273050 
-0.816370 
-1.290650 
-1.657860 
-1.889220 
-1.966990 
-1.885260 
-1.650230 
-1.279960 
-0.803450 
-0.258960 
0.308970 
0.853540 
1.330190 
1.700650 
1.935830 
2.017630 
1.939800 
1.708280 
1.340890 
0.866460 
0.323060 
-0.244850 
-0.790490 
-1.269200 
-1.642530 
-1.881200 
-1.966890 
-1.893090 
-1.665390 
-1.301280 
-0.829240 
-0.287130 
0.280740 
0.827570 
1.308600 
1.685140 
1.927620 
2.017330 
1.947440 
1.723280 
1.362080 
0.892170 
0.351200 
-0.216600 
-0.764450 
-1.247480 
-1.626860 
-1.872790 
-1.966390 
-1.900530 
-1.680210 
-1.322330 
-0.854850 
-0.315230 
0.252460 
0.801440 
1.286740 
1.669300 
1.919010 
2.016620 
1.954690 
1.737930 
1.383000 
0.917700 
0.379270 
-0.188300 
-0.738240 
-1.225500 
-1.610850 
-1.864000 
-1.965480 
-1.907580 
-1.694680 
-1.343100 
-0.880290 
-0.343270 
0.224130 
0.775150 
1.264620 
1.653120 
1.910020 
2.015520 
1.961550 
1.752240 
1.403640 
0.943040 
0.407270 
-0.159950 
-0.711880 
-1.203260 
-1.594510 
-1.854830 
-1.964180 
-1.914240 
-1.708800 
-1.363590 
-0.905530 
-0.371220 
0.195760 
0.748700 
1.242250 
1.636600 
1.900660 
2.014010 
1.968030 
1.766190 
1.424000 
0.968200 
0.435190 
-0.131560 
-0.685360 
-1.180780 
-1.577850 
-1.845280 
-1.962480 
-1.920510 
-1.722570 
-1.383800 
-0.930580 
-0.399090 
0.167350 
0.722100 
1.219630 
1.619760 
1.890910 
2.012110 
1.974100 
1.779790 
1.444080 
0.993160 
0.463020 
-0.103140 
-0.658690 
-1.158040 
-1.560850 
-1.835350 
-1.960370 
-1.926390 
-1.735990 
-1.403710 
-0.955440 
-0.426880 
0.138920 
0.695360 
1.196760 
1.602600 
1.880790 
2.009800 
1.979790 
1.793040 
1.463860 
1.017920 
0.490760 
-0.074690 
-0.631890 
-1.135060 
-1.543540 
-1.825050 
-1.957870 
-1.931870 
-1.749040 
-1.423340 
-0.980090 
-0.454570 
0.110460 
0.668480 
1.173660 
1.585110 
1.870290 
2.007090 
1.985080 
1.805920 
1.483350 
1.042470 
0.518410 
-0.046220 
-0.604940 
-1.111840 
-1.525900 
-1.814370 
-1.954960 
-1.936960 
-1.761740 
-1.442670 
-1.004530 
-0.482160 
0.081980 
0.641470 
1.150310 
1.567310 
1.859410 
2.003990 
1.989980 
1.818450 
1.502540 
1.066820 
0.545950 
-0.017740 
-0.577870 
-1.088390 
-1.507950 
-1.803320 
-1.951660 
-1.941660 
-1.774080 
-1.461700 
-1.028770 
-0.509650 
0.053490 
0.614330 
1.126740 
1.549190 
1.848170 
2.000480 
1.994480 
1.830610 
1.521430 
1.090950 
0.573390 
0.010750 
-0.550670 
-1.064710 
-1.489680 
-1.791900 
-1.947960 
-1.945960 
-1.786050 
-1.480430 
-1.052780 
-0.537030 
0.025000 
0.587060 
1.102940 
1.530760 
1.836560 
1.996580 
1.998580 
1.842410 
1.540010 
1.114870 
0.600710 
0.039250 
-0.523350 
-1.040800 
-1.471110 
-1.780110 
-1.943860 
-1.949850 
-1.797660 
-1.498850 
-1.076580 
-0.564280 
-0.003490 
0.559690 
1.078910 
1.512020 
1.824580 
1.992280 
2.002280 
1.853840 
1.558280 
1.138550 
0.627910 
0.067740 
-0.495920 
-1.016680 
-1.452230 
-1.767960 
-1.939360 
-1.953360 
-1.808890 
-1.516960 
-1.100140 
-0.591420 
-0.031980 
0.532190 
1.054670 
1.492980 
1.812230 
1.987580 
2.005590 
1.864900 
1.576250 
1.162010 
0.654990 
0.096220 
-0.468380 
-0.992340 
-1.433050 
-1.755440 
-1.934470 
-1.956460 
-1.819760 
-1.534760 
-1.123480 
-0.618430 
-0.060460 
0.504600 
1.030220 
1.473640 
1.799520 
1.982480 
2.008500 
1.875580 
1.593890 
1.185240 
0.681940 
0.124690 
-0.440740 
-0.967790 
-1.413570 
-1.742560 
-1.929180 
-1.959170 
-1.830250 
-1.552230 
-1.146580 
-0.645310 
-0.088920 
0.476910 
1.005560 
1.454000 
1.786460 
1.977000 
2.011000 
1.885900 
1.611220 
1.208230 
0.708750 
0.153140 
-0.413000 
-0.943030 
-1.393790 
-1.729320 
-1.923500 
-1.961470 
-1.840370 
-1.569390 
-1.169440 
-0.672040 
-0.117350 
0.449120 
0.980700 
1.434070 
1.773030 
1.971110 
2.013110 
1.895830 
1.628220 
1.230970 
0.735420 
0.181560 
-0.385170 
-0.918080 
-1.373730 
-1.715730 
-1.917430 
-1.963380 
-1.850110 
-1.586220 
-1.192050 
-0.698640 
-0.145760 
0.421240 
0.955640 
1.413860 
1.759260 
1.964840 
2.014820 
1.905390 
1.644900 
1.253470 
0.761940 
0.209950 
-0.357250 
-0.892930 
-1.353380 
-1.701790 
-1.910960 
-1.964880 
-1.859470 
-1.602720 
-1.214410 
-0.725080 
-0.174130 
0.393280 
0.930390 
1.393360 
1.745130 
1.958170 
2.016120 
1.914570 
1.661250 
1.275710 
0.788320 
0.238300 
-0.329260 
-0.867590 
-1.332750 
-1.687490 
-1.904100 
-1.965980 
-1.868450 
-1.618900 
-1.236520 
-0.751370 
-0.202450 
0.365250 
0.904950 
1.372580 
1.730650 
1.951110 
2.017020 
1.923360 
1.677260 
1.297700 
0.814530 
0.266610 
-0.301190 
-0.842070 
-1.311840 
-1.672840 
-1.896850 
-1.966690 
-1.877040 
-1.634730 
-1.258370 
-0.777490 
-0.230730 
0.337140 
0.879340 
1.351520 
1.715820 
1.943670 
2.017530 
1.931770 
1.692940 
1.319430 
0.840580 
0.294860 
-0.273050 
-0.816370 
-1.290650 
-1.657860 
-1.889220 
-1.966990 
-1.885260 
-1.650230 
-1.279960 
-0.803450 
-0.258960 
0.308970 
0.853540 
1.330190 
1.700650 
1.935830 
2.017630 
1.939800 
1.708280 
1.340890 
0.866460 
0.323060 
-0.244850 
-0.790490 
-1.269200 
-1.642530 
-1.881200 
-1.966890 
-1.893090 
-1.665390 
-1.301280 
-0.829240 
-0.287130 
0.280740 
0.827570 
1.308600 
1.685140 
1.927620 
2.017330 
1.947440 
1.723280 
1.362080 
0.892170 
0.351200 
-0.216600 
-0.764450 
-1.247480 
-1.626860 
-1.872790 
-1.966380 
-1.900530 
-1.680210 
-1.322330 
-0.854860 
-0.315230 
0.252460 
0.801440 
1.286740 
1.669300 
1.919010 
2.016620 
1.954690 
1.737930 
1.383000 
0.917700 
0.379270 
-0.188300 
-0.738240 
-1.225500 
-1.610850 
-1.864010 
-1.965480 
-1.907580 
-1.694680 
-1.343100 
-0.880290 
-0.343260 
0.224130 
0.775150 
1.264620 
1.653110 
1.910020 
2.015520 
1.961550 
1.752240 
1.403640 
0.943040 
0.407270 
-0.159950 
-0.711880 
-1.203260 
-1.594510 
-1.854830 
-1.964180 
-1.914240 
-1.708800 
-1.363590 
-0.905530 
-0.371220 
0.195760 
0.748700 
1.242250 
1.636600 
1.900660 
2.014010 
1.968020 
1.766190 
1.424000 
0.968200 
0.435190 
-0.131560 
-0.685360 
-1.180780 
-1.577850 
-1.845280 
-1.962470 
-1.920510 
-1.722570 
-1.383800 
-0.930580 
-0.399090 
0.167350 
0.722100 
1.219630 
1.619760 
1.890910 
2.012110 
1.974100 
1.779790 
1.444070 
0.993160 
0.463020 
-0.103140 
-0.658690 
-1.158040 
-1.560850 
-1.835360 
-1.960370 
-1.926390 
-1.735990 
-1.403720 
-0.955440 
-0.426880 
0.138920 
0.695360 
1.196760 
1.602600 
1.880790 
2.009800 
1.979790 
1.793040 
1.463860 
1.017920 
0.490760 
-0.074690 
-0.631890 
-1.135060 
-1.543540 
-1.825050 
-1.957870 
-1.931870 
-1.749040 
-1.423340 
-0.980090 
-0.454570 
0.110460 
0.668480 
1.173660 
1.585110 
1.870290 
2.007090 
1.985080 
1.805920 
1.483350 
1.042470 
0.518410 
-0.046220 
-0.604940 
-1.111840 
-1.525900 
-1.814370 
-1.954960 
-1.936960 
-1.761740 
-1.442670 
-1.004530 
-0.482160 
0.081980 
0.641470 
1.150310 
1.567300 
1.859410 
2.003990 
1.989980 
1.818450 
1.502540 
1.066820 
0.545950 
-0.017740 
-0.577870 
-1.088390 
-1.507950 
-1.803320 
-1.951660 
-1.941660 
-1.774080 
-1.461700 
-1.028770 
-0.509650 
0.053490 
0.614330 
1.126740 
1.549190 
1.848170 
2.000480 
1.994480 
1.830610 
1.521430 
1.090950 
0.573390 
0.010750 
-0.550670 
-1.064710 
-1.489680 
-1.791900 
-1.947960 
-1.945950 
-1.786050 
-1.480430 
-1.052780 
-0.537030 
0.025000 
0.587070 
1.102940 
1.530760 
1.836560 
1.996580 
1.998580 
1.842410 
1.540010 
1.114860 
0.600710 
0.039250 
-0.523350 
-1.040800 
-1.471110 
-1.780110 
-1.943860 
-1.949860 
-1.797660 
-1.498850 
-1.076580 
-0.564280 
-0.003490 
0.559690 
1.078910 
1.512020 
1.824580 
1.992280 
2.002290 
1.853840 
1.558280 
1.138550 
0.627910 
0.067740 
-0.495920 
-1.016680 
-1.452230 
-1.767960 
-1.939360 
-1.953360 
-1.808890 
-1.516960 
-1.100140 
-0.591420 
-0.031980 
0.532190 
1.054670 
1.492980 
1.812230 
1.987580 
2.005590 
1.864900 
1.576250 
1.162010 
0.654990 
0.096220 
-0.468380 
-0.992340 
-1.433040 
-1.755440 
-1.934470 
-1.956460 
-1.819760 
-1.534760 
-1.123480 
-0.618430 
-0.060460 
0.504600 
1.030220 
1.473640 
1.799520 
1.982490 
2.008500 
1.875580 
1.593890 
1.185240 
0.681940 
0.124690 
-0.440740 
-0.967790 
-1.413560 
-1.742560 
-1.929180 
-1.959170 
-1.830250 
-1.552230 
-1.146580 
-0.645310 
-0.088920 
0.476900 
1.005560 
1.454000 
1.786460 
1.977000 
2.011000 
1.885900 
1.611220 
1.208230 
0.708750 
0.153140 
-0.413000 
-0.943030 
-1.393790 
-1.729320 
-1.923500 
-1.961470 
-1.840370 
-1.569390 
-1.169440 
-0.672040 
-0.117350 
0.449120 
0.980700 
1.434070 
1.773030 
1.971110 
2.013110 
1.895830 
1.628220 
1.230970 
0.735420 
0.181560 
-0.385170 
-0.918080 
-1.373730 
-1.715730 
-1.917420 
-1.963380 
-1.850110 
-1.586220 
-1.192050 
-0.698640 
-0.145760 
0.421240 
0.955640 
1.413860 
1.759260 
1.964840 
2.014820 
1.905390 
1.644900 
1.253470 
0.761940 
0.209950 
-0.357250 
-0.892930 
-1.353380 
-1.701790 
-1.910960 
-1.964880 
-1.859470 
-1.602720 
-1.214410 
-0.725080 
-0.174130 
0.393280 
0.930390 
1.393360 
1.745130 
1.958170 
2.016120 
1.914570 
1.661250 
1.275710 
0.788320 
0.238300 
-0.329260 
-0.867590 
-1.332750 
-1.687490 
-1.904100 
-1.965980 
-1.868450 
-1.618900 
-1.236520 
-0.751370 
-0.202450 
0.365250 
0.904950 
1.372580 
1.730650 
1.951110 
2.017020 
1.923360 
1.677260 
1.297700 
0.814530 
0.266610 
-0.301190 
-0.842070 
-1.311840 
-1.672850 
-1.896850 
-1.966690 
-1.877050 
-1.634730 
-1.258370 
-0.777490 
-0.230730 
0.337140 
0.879340 
1.351520 
1.715820 
1.943670 
2.017530 
1.931770 
1.692940 
1.319430 
0.840580 
0.294860 
-0.273050 
-0.816370 
-1.290650 
-1.657860 
-1.889220 
-1.966990 
-1.885260 
-1.650230 
-1.279960 
-0.803450 
-0.258960 
0.308970 
0.853540 
1.330190 
1.700650 
1.935830 
2.017630 
1.939800 
1.708280 
1.340890 
0.866460 
0.323060 
-0.244850 
-0.790490 
-1.269200 
-1.642530 
-1.881200 
-1.966890 
-1.893090 
-1.665390 
-1.301280 
-0.829240 
-0.287130 
0.280740 
0.827570 
1.308600 
1.685140 
1.927610 
2.017330 
1.947440 
1.723280 
1.362080 
0.892170 
0.351200 
-0.216600 
-0.764450 
-1.247480 
-1.626860 
-1.872790 
-1.966390 
-1.900530 
-1.680210 
-1.322330 
-0.854850 
-0.315230 
0.252460 
0.801440 
1.286740 
1.669300 
1.919010 
2.016620 
1.954690 
1.737930 
1.383000 
0.917700 
0.379270 
-0.188290 
-0.738240 
-1.225500 
-1.610850 
-1.864010 
-1.965480 
-1.907580 
-1.694680 
-1.343100 
-0.880290 
-0.343260 
0.224130 
0.775150 
1.264620 
1.653120 
1.910020 
2.015520 
1.961550 
1.752240 
1.403640 
0.943040 
0.407270 
-0.159950 
-0.711880 
-1.203260 
-1.594510 
-1.854830 
-1.964180 
-1.914240 
-1.708800 
-1.363590 
-0.905530 
-0.371220 
0.195760 
0.748700 
1.242250 
1.636600 
1.900660 
2.014010 
1.968020 
1.766190 
1.424000 
0.968200 
0.435190 
-0.131560 
-0.685360 
-1.180780 
-1.577850 
-1.845280 
-1.962480 
-1.920510 
-1.722570 
-1.383800 
-0.930580 
-0.399100 
0.167350 
0.722100 
1.219630 
1.619760 
1.890910 
2.012110 
1.974100 
1.779790 
1.444080 
0.993160 
0.463020 
-0.103140 
-0.658690 
-1.158040 
-1.560850 
-1.835360 
-1.960370 
-1.926390 
-1.735990 
-1.403720 
-0.955440 
-0.426880 
0.138920 
0.695360 
1.196760 
1.602600 
1.880790 
2.009800 
1.979790 
1.793040 
1.463860 
1.017920 
0.490760 
-0.074690 
-0.631890 
-1.135060 
-1.543540 
-1.825050 
-1.957860 
-1.931870 
-1.749040 
-1.423340 
-0.980090 
-0.454570 
0.110460 
0.668480 
1.173660 
1.585110 
1.870290 
2.007090 
1.985080 
1.805920 
1.483350 
1.042470 
0.518410 
-0.046220 
-0.604940 
-1.111840 
-1.525900 
-1.814370 
-1.954960 
-1.936960 
-1.761740 
-1.442670 
-1.004530 
-0.482160 
0.081980 
0.641470 
1.150310 
1.567310 
1.859410 
2.003990 
1.989980 
1.818450 
1.502540 
1.066820 
0.545950 
-0.017740 
-0.577870 
-1.088390 
-1.507950 
-1.803320 
-1.951660 
-1.941660 
-1.774080 
-1.461700 
-1.028770 
-0.509650 
0.053490 
0.614330 
1.126740 
1.549190 
1.848170 
2.000480 
1.994480 
1.830610 
1.521430 
1.090950 
0.573390 
0.010750 
-0.550670 
-1.064710 
-1.489680 
-1.791900 
-1.947960 
-1.945960 
-1.786050 
-1.480430 
-1.052780 
-0.537030 
0.025000 
